$MeshFormat
2.2 0 8
$EndMeshFormat
$Nodes
209
1 20 0 0
2 50 0 0
3 50 25 0
4 0 25 0
5 0 20 0
6 0 0 0
7 21.22450111436037 0 0
8 22.54896222058585 0 0
9 23.9815439732164 0 0
10 25.53107177226541 0 0
11 27.20709277856922 0 0
12 29.01993354627268 0 0
13 30.98076229463524 0 0
14 33.10166022090777 0 0
15 35.3956941861139 0 0
16 37.87699884484793 0 0
17 40.5608598826048 0 0
18 43.46381345780197 0 0
19 46.60374516799037 0 0
20 50 3.124999999988174 0
21 50 6.249999999972041 0
22 50 9.374999999961021 0
23 50 12.4999999999559 0
24 50 15.62499999995078 0
25 50 18.74999999996579 0
26 50 21.8749999999829 0
27 46.42857142859681 25 0
28 42.85714285719362 25 0
29 39.28571428579043 25 0
30 35.71428571438723 25 0
31 32.14285714298404 25 0
32 28.57142857155766 25 0
33 25.0000000001291 25 0
34 21.42857142870054 25 0
35 17.8571428572698 25 0
36 14.28571428581584 25 0
37 10.71428571436188 25 0
38 7.142857142907914 25 0
39 3.571428571453964 25 0
40 0 23.34137200014012 0
41 0 21.99175531727876 0
42 0 20.89357956491091 0
43 1.308062587730971 19.95717846456704 0
44 2.610523850715036 19.82889722664495 0
45 3.901806450732655 19.61570560599391 0
46 5.17638091610598 19.31851652201519 0
47 6.428789324419482 18.93860258367101 0
48 7.653668669752558 18.47759064092632 0
49 8.845773829580095 17.93745481822647 0
50 10.00000002511408 17.32050806118915 0
51 11.11140468835895 16.62939222736401 0
52 12.17522861047243 15.86706678257622 0
53 13.18691633325017 15.03679612217509 0
54 14.1421356555729 14.142135591889 0
55 15.03679617677557 13.18691627099026 0
56 15.86706682755703 12.17522855185229 0
57 16.62939226427083 11.11140463312401 0
58 17.32050809088888 9.999999973672651 0
59 17.93745484261207 8.845773780130981 0
60 18.4775906592359 7.653668625549343 0
61 18.93860259641404 6.428789286879709 0
62 19.31851652995787 5.176380886463495 0
63 19.61570561050101 3.901806428073948 0
64 19.82889722856533 2.610523836128334 0
65 19.95717846502927 1.308062580678857 0
66 33.19426485611439 2.184380213938169 0
67 19.20685284795565 9.478388286317077 0
68 35.19746923190519 21.44110253192486 0
69 16.1353206720224 14.18965779469657 0
70 46.95078758533211 9.213011104383751 0
71 25.1608347027921 21.72447484845411 0
72 27.23636658435331 1.739091083191257 0
73 14.16339295971108 16.14572895145545 0
74 20.91466477210971 4.138313022142416 0
75 10.63824459367171 18.46404016489387 0
76 40.77353053614492 2.721530739780872 0
77 46.80152334584237 3.047362497473731 0
78 14.6174665427414 21.82100536851089 0
79 24.00258645220917 1.500385465425849 0
80 5.55629550250399 20.57092454766923 0
81 21.10701070399121 2.748211902114289 0
82 46.84970241389013 15.39300956300588 0
83 43.03338420968167 21.41730910685086 0
84 46.71374486111078 18.51304618933772 0
85 1.416777823637544 21.10937687542944 0
86 21.21064268054072 1.367312886458114 0
87 18.20314553917339 20.97649412223242 0
88 38.05372886395249 2.525601801302258 0
89 28.49018852078389 21.70047602480236 0
90 31.04517864136886 2.036951042486936 0
91 20.2503153607141 6.863646612749633 0
92 2.955332044012843 21.13718912302244 0
93 18.5540145606428 10.73922450509668 0
94 9.7911229912658 18.67090817425715 0
95 7.049180384366631 21.33518600860745 0
96 46.55893665461081 21.7169739580601 0
97 17.00683560390349 13.11196636150419 0
98 13.13279411075763 17.21029736670258 0
99 1.253921734107545 23.36203477840344 0
100 8.075888724810198 19.82453882913681 0
101 1.52197264887877 22.39305373140144 0
102 31.02706233700366 4.14891481421015 0
103 19.93527189335328 11.57169981346819 0
104 28.34029189294417 18.47572633872582 0
105 38.16713072311831 5.119503473777653 0
106 18.24373097587932 14.21937646960837 0
107 16.82795154984824 18.21731523529324 0
108 8.954583054931671 22.03347474306148 0
109 21.87910242563495 21.61885556651509 0
110 22.47854347859964 2.885576994220242 0
111 31.84211058873509 21.6330060976174 0
112 14.48754022960968 18.78207587078297 0
113 43.71903556490412 2.917772768875108 0
114 46.9100607183607 6.112649908532592 0
115 38.89122019040482 20.56459992123858 0
116 35.54449402788678 2.358648655373145 0
117 46.92718331786079 12.28545348063455 0
118 20.63094425922158 5.50790151217987 0
119 25.56246350273376 1.611372759941629 0
120 29.06856455243265 1.897399436840422 0
121 19.78216318950128 8.185233063652479 0
122 22.55929760613671 1.433235636708543 0
123 15.19152952363942 15.18337950291317 0
124 17.82768294580271 11.96560913651784 0
125 43.37947375789403 18.02484446539004 0
126 4.448527308610505 20.93596936554565 0
127 12.12270608434327 18.46324987324144 0
128 3.415867378419231 22.70271705111995 0
129 9.55495902570518 20.11777277275844 0
130 6.670744038341246 19.76803668239336 0
131 21.68131578978289 7.303486331622433 0
132 25.25565433965564 18.60342785751358 0
133 25.50287133384587 3.274094864065421 0
134 43.90064794743672 11.87318928414981 0
135 35.60378595980784 4.774602301578636 0
136 40.18709810715211 17.07473902186464 0
137 29.02298553903439 3.861583597768992 0
138 31.53532547360424 18.38101366920799 0
139 43.87309625571939 5.869969863513896 0
140 40.95350998303436 5.517655667800322 0
141 11.11007436035624 19.74339804972981 0
142 15.03638325109571 17.01378194271398 0
143 22.31152230037701 4.361022136214487 0
144 33.23233016869966 4.461435672274978 0
145 23.94585881880645 3.057965927893751 0
146 43.7165451467492 14.86482470375151 0
147 20.63488327200909 10.17731361634656 0
148 17.26463281285424 15.43405709399157 0
149 5.431475350417066 22.40381154276989 0
150 20.03911342672001 18.10060749980876 0
151 19.15311128794461 12.93799833660821 0
152 12.83668493413366 19.69184358789524 0
153 8.955348789366056 18.75825571923234 0
154 28.90379473947232 5.907526179337593 0
155 35.54632559458366 7.281293822946603 0
156 27.84944844302586 14.93901652059746 0
157 21.52090328083848 12.54464134030036 0
158 36.84330979613944 18.0993081618707 0
159 41.02329660401305 8.358840898973321 0
160 19.59021649030749 15.45739219912199 0
161 23.79641104578076 4.639966641094831 0
162 43.94161407983962 8.843368488790244 0
163 22.04563255676879 5.841700339548506 0
164 30.92682515037801 6.361804561881264 0
165 27.19193370226853 3.569124439359917 0
166 21.21992331171202 8.752047990651299 0
167 40.68981782176598 14.08740081795448 0
168 16.48775441196617 16.32723160140335 0
169 11.92994049910281 22.07051456536287 0
170 34.62421043124775 18.2957406234297 0
171 28.72015807314488 7.997687910358963 0
172 23.22998642205703 7.817276473159425 0
173 34.4737500403776 15.43685325868844 0
174 25.06736922458331 15.85632077917851 0
175 25.36606829799746 5.013190986335718 0
176 40.93919555705381 11.19742196175864 0
177 38.20272222043248 7.801433621754496 0
178 37.30975500696959 16.041131732576 0
179 23.55834959876923 6.244866542932518 0
180 33.11854870548563 6.824385016492252 0
181 22.22064130856179 10.96568977910773 0
182 18.4232026004879 16.88270689231598 0
183 31.39345195563044 15.25681118081678 0
184 20.65128204316836 14.07683082064007 0
185 27.06481921151213 5.458102834522081 0
186 32.69983475717248 9.245355298206874 0
187 25.61631962859841 12.98504754886843 0
188 26.8936932290201 7.388369538258193 0
189 28.5221083102974 12.09467779856798 0
190 35.23825365701673 9.891899869796333 0
191 31.44908767378869 11.89622500491477 0
192 23.26017657637371 13.51470463994253 0
193 37.73514596856171 13.29066591747938 0
194 22.5864343906627 15.70477503383791 0
195 34.77569350808903 12.64767160862323 0
196 30.60675442444624 8.565828202705861 0
197 22.79396888946752 9.40802370128095 0
198 24.8952711452829 8.496812437107408 0
199 25.1762151963907 6.776305303826898 0
200 38.04012466854941 10.54297148243248 0
201 20.66371203333156 16.45797338619519 0
202 26.69400615405355 9.325960293973107 0
203 23.89843538548573 11.8622469488298 0
204 28.56800209463926 10.33118723297733 0
205 24.48457126914051 10.23011115208426 0
206 22.38767501884632 18.59161306445391 0
207 24.70526560360204 14.13451180720834 0
208 30.13860123461903 10.13286594763102 0
209 26.33368048954566 11.2328289953741 0
$EndNodes
$Elements
245
1 15 2 0 1 1
2 15 2 0 2 2
3 15 2 0 3 3
4 15 2 0 4 4
5 15 2 0 5 5
6 15 2 0 6 6
7 1 2 0 1 1 7
8 1 2 0 1 7 8
9 1 2 0 1 8 9
10 1 2 0 1 9 10
11 1 2 0 1 10 11
12 1 2 0 1 11 12
13 1 2 0 1 12 13
14 1 2 0 1 13 14
15 1 2 0 1 14 15
16 1 2 0 1 15 16
17 1 2 0 1 16 17
18 1 2 0 1 17 18
19 1 2 0 1 18 19
20 1 2 0 1 19 2
21 1 2 0 2 2 20
22 1 2 0 2 20 21
23 1 2 0 2 21 22
24 1 2 0 2 22 23
25 1 2 0 2 23 24
26 1 2 0 2 24 25
27 1 2 0 2 25 26
28 1 2 0 2 26 3
29 1 2 0 3 3 27
30 1 2 0 3 27 28
31 1 2 0 3 28 29
32 1 2 0 3 29 30
33 1 2 0 3 30 31
34 1 2 0 3 31 32
35 1 2 0 3 32 33
36 1 2 0 3 33 34
37 1 2 0 3 34 35
38 1 2 0 3 35 36
39 1 2 0 3 36 37
40 1 2 0 3 37 38
41 1 2 0 3 38 39
42 1 2 0 3 39 4
43 1 2 0 4 4 40
44 1 2 0 4 40 41
45 1 2 0 4 41 42
46 1 2 0 4 42 5
47 1 2 0 5 5 43
48 1 2 0 5 43 44
49 1 2 0 5 44 45
50 1 2 0 5 45 46
51 1 2 0 5 46 47
52 1 2 0 5 47 48
53 1 2 0 5 48 49
54 1 2 0 5 49 50
55 1 2 0 5 50 51
56 1 2 0 5 51 52
57 1 2 0 5 52 53
58 1 2 0 5 53 54
59 1 2 0 5 54 55
60 1 2 0 5 55 56
61 1 2 0 5 56 57
62 1 2 0 5 57 58
63 1 2 0 5 58 59
64 1 2 0 5 59 60
65 1 2 0 5 60 61
66 1 2 0 5 61 62
67 1 2 0 5 62 63
68 1 2 0 5 63 64
69 1 2 0 5 64 65
70 1 2 0 5 65 1
71 3 2 0 1 173 195 193 178
72 3 2 0 1 149 95 108 38
73 3 2 0 1 100 129 108 95
74 3 2 0 1 87 150 206 109
75 3 2 0 1 176 200 177 159
76 3 2 0 1 195 190 200 193
77 3 2 0 1 5 43 85 42
78 3 2 0 1 191 186 190 195
79 3 2 0 1 113 77 114 139
80 3 2 0 1 178 136 115 158
81 3 2 0 1 85 101 41 42
82 3 2 0 1 170 158 115 68
83 3 2 0 1 168 107 112 142
84 3 2 0 1 111 89 104 138
85 3 2 0 1 138 170 68 111
86 3 2 0 1 109 206 132 71
87 3 2 0 1 110 81 86 122
88 3 2 0 1 77 19 2 20
89 3 2 0 1 87 35 36 78
90 3 2 0 1 185 154 171 188
91 3 2 0 1 78 36 37 169
92 3 2 0 1 109 34 35 87
93 3 2 0 1 167 146 125 136
94 3 2 0 1 134 117 82 146
95 3 2 0 1 71 33 34 109
96 3 2 0 1 156 189 191 183
97 3 2 0 1 89 32 33 71
98 3 2 0 1 74 63 64 81
99 3 2 0 1 170 138 183 173
100 3 2 0 1 132 174 156 104
101 3 2 0 1 83 125 84 96
102 3 2 0 1 165 137 154 185
103 3 2 0 1 163 143 161 179
104 3 2 0 1 111 31 32 89
105 3 2 0 1 27 96 26 3
106 3 2 0 1 115 136 125 83
107 3 2 0 1 187 203 205 209
108 3 2 0 1 14 15 116 66
109 3 2 0 1 113 18 19 77
110 3 2 0 1 88 16 17 76
111 3 2 0 1 204 202 188 171
112 3 2 0 1 89 71 132 104
113 3 2 0 1 68 30 31 111
114 3 2 0 1 120 90 102 137
115 3 2 0 1 112 78 169 152
116 3 2 0 1 116 15 16 88
117 3 2 0 1 156 187 209 189
118 3 2 0 1 145 161 143 110
119 3 2 0 1 174 132 206 194
120 3 2 0 1 115 29 30 68
121 3 2 0 1 114 21 22 70
122 3 2 0 1 83 28 29 115
123 3 2 0 1 140 139 162 159
124 3 2 0 1 96 27 28 83
125 3 2 0 1 136 178 193 167
126 3 2 0 1 81 110 143 74
127 3 2 0 1 65 1 7 86
128 3 2 0 1 162 70 117 134
129 3 2 0 1 119 10 11 72
130 3 2 0 1 77 20 21 114
131 3 2 0 1 159 162 134 176
132 3 2 0 1 167 176 134 146
133 3 2 0 1 116 88 105 135
134 3 2 0 1 195 173 183 191
135 3 2 0 1 120 12 13 90
136 3 2 0 1 70 22 23 117
137 3 2 0 1 133 145 79 119
138 3 2 0 1 18 113 76 17
139 3 2 0 1 90 13 14 66
140 3 2 0 1 139 140 76 113
141 3 2 0 1 104 156 183 138
142 3 2 0 1 10 119 79 9
143 3 2 0 1 12 120 72 11
144 3 2 0 1 117 23 24 82
145 3 2 0 1 114 70 162 139
146 3 2 0 1 9 79 122 8
147 3 2 0 1 110 122 79 145
148 3 2 0 1 200 190 155 177
149 3 2 0 1 164 154 137 102
150 3 2 0 1 7 8 122 86
151 3 2 0 1 150 182 160 201
152 3 2 0 1 96 84 25 26
153 3 2 0 1 146 82 84 125
154 3 2 0 1 135 105 177 155
155 3 2 0 1 24 25 84 82
156 3 2 0 1 88 76 140 105
157 3 2 0 1 192 203 187 207
158 3 2 0 1 62 118 91 61
159 3 2 0 1 190 186 180 155
160 3 2 0 1 147 166 197 181
161 3 2 0 1 202 204 189 209
162 3 2 0 1 90 66 144 102
163 3 2 0 1 86 81 64 65
164 3 2 0 1 67 121 166 147
165 3 2 0 1 171 196 208 204
166 3 2 0 1 102 144 180 164
167 3 2 0 1 92 85 43 44
168 3 2 0 1 156 174 207 187
169 3 2 0 1 163 118 74 143
170 3 2 0 1 159 177 105 140
171 3 2 0 1 60 121 67 59
172 3 2 0 1 118 62 63 74
173 3 2 0 1 135 144 66 116
174 3 2 0 1 154 164 196 171
175 3 2 0 1 155 180 144 135
176 3 2 0 1 119 72 165 133
177 3 2 0 1 172 198 205 197
178 3 2 0 1 181 197 205 203
179 3 2 0 1 55 69 123 54
180 3 2 0 1 145 133 175 161
181 3 2 0 1 209 205 198 202
182 3 2 0 1 137 165 72 120
183 3 2 0 1 186 196 164 180
184 3 2 0 1 121 60 61 91
185 3 2 0 1 167 193 200 176
186 3 2 0 1 185 175 133 165
187 3 2 0 1 163 131 91 118
188 3 2 0 1 191 208 196 186
189 3 2 0 1 161 175 199 179
190 3 2 0 1 53 54 123 73
191 3 2 0 1 179 172 131 163
192 3 2 0 1 93 58 59 67
193 3 2 0 1 166 121 91 131
194 3 2 0 1 181 157 103 147
195 3 2 0 1 203 192 157 181
196 3 2 0 1 194 201 160 184
197 3 2 0 1 172 179 199 198
198 3 2 0 1 148 182 107 168
199 3 2 0 1 124 57 58 93
200 3 2 0 1 147 103 93 67
201 3 2 0 1 126 80 95 149
202 3 2 0 1 197 166 131 172
203 3 2 0 1 124 97 56 57
204 3 2 0 1 97 69 55 56
205 3 2 0 1 178 158 170 173
206 3 2 0 1 184 151 103 157
207 3 2 0 1 151 124 93 103
208 3 2 0 1 168 123 69 148
209 3 2 0 1 194 184 157 192
210 3 2 0 1 97 124 151 106
211 3 2 0 1 168 142 73 123
212 3 2 0 1 38 108 169 37
213 3 2 0 1 38 39 128 149
214 3 2 0 1 149 128 92 126
215 3 2 0 1 127 51 52 98
216 3 2 0 1 53 73 98 52
217 3 2 0 1 191 189 204 208
218 3 2 0 1 188 199 175 185
219 3 2 0 1 44 45 126 92
220 3 2 0 1 101 128 39 99
221 3 2 0 1 94 50 51 75
222 3 2 0 1 169 141 127 152
223 3 2 0 1 192 207 174 194
224 3 2 0 1 101 85 92 128
225 3 2 0 1 51 127 141 75
226 3 2 0 1 152 127 98 112
227 3 2 0 1 182 148 106 160
228 3 2 0 1 69 97 106 148
229 3 2 0 1 184 160 106 151
230 3 2 0 1 130 47 48 100
231 3 2 0 1 130 80 46 47
232 3 2 0 1 46 80 126 45
233 3 2 0 1 50 94 153 49
234 3 2 0 1 73 142 112 98
235 3 2 0 1 49 153 100 48
236 3 2 0 1 129 100 153 94
237 3 2 0 1 194 206 150 201
238 3 2 0 1 75 141 129 94
239 3 2 0 1 202 198 199 188
240 3 2 0 1 141 169 108 129
241 3 2 0 1 41 101 99 40
242 3 2 0 1 100 95 80 130
243 3 2 0 1 40 99 39 4
244 3 2 0 1 87 78 112 107
245 3 2 0 1 182 150 87 107
$EndElements
