$MeshFormat
2.2 0 8
$EndMeshFormat
$Nodes
646
1 20 0 0
2 50 0 0
3 50 25 0
4 0 25 0
5 0 20 0
6 0 0 0
7 20.64739617599772 0 0
8 21.32273371852171 0 0
9 22.02721869586311 0 0
10 22.76210900063154 0 0
11 23.52871702929203 0 0
12 24.32841157101179 0 0
13 25.16262084134508 0 0
14 26.03283452629375 0 0
15 26.94060618976718 0 0
16 27.88755683728366 0 0
17 28.87537793129351 0 0
18 29.90583310496601 0 0
19 30.98076229463529 0 0
20 32.10208526682676 0 0
21 33.27180403185531 0 0
22 34.49200791506709 0 0
23 35.76487531003482 0 0
24 37.09267928167336 0 0
25 38.47779091866708 0 0
26 39.92268363992363 0 0
27 41.42993758390894 0 0
28 43.00224433455507 0 0
29 44.6424113220533 0 0
30 46.35336739145923 0 0
31 48.13816812367874 0 0
32 50 1.785714285707117 0
33 50 3.571428571414516 0
34 50 5.357142857119533 0
35 50 7.142857142824549 0
36 50 8.928571428533182 0
37 50 10.71428571424454 0
38 50 12.4999999999559 0
39 50 14.28571428566726 0
40 50 16.07142857137971 0
41 50 17.85714285710376 0
42 50 19.64285714282783 0
43 50 21.42857142855188 0
44 50 23.21428571427594 0
45 48.07692307693674 25 0
46 46.15384615387349 25 0
47 44.23076923081023 25 0
48 42.30769230774698 25 0
49 40.38461538468371 25 0
50 38.46153846162046 25 0
51 36.5384615385572 25 0
52 34.61538461549394 25 0
53 32.69230769243069 25 0
54 30.76923076935985 25 0
55 28.84615384628294 25 0
56 26.92307692320602 25 0
57 25.0000000001291 25 0
58 23.07692307705219 25 0
59 21.15384615397527 25 0
60 19.23076923089835 25 0
61 17.30769230781534 25 0
62 15.38461538472475 25 0
63 13.46153846163416 25 0
64 11.53846153854356 25 0
65 9.615384615452967 25 0
66 7.692307692362377 25 0
67 5.769230769271786 25 0
68 3.846153846181188 25 0
69 1.923076923090598 25 0
70 0 23.74512381967103 0
71 0 22.70020954655247 0
72 0 21.830127177616 0
73 0 21.10562397394335 0
74 0 20.50234245007381 0
75 0.6543816579591235 19.98929174947743 0
76 1.308062587644462 19.95717846457271 0
77 1.960342810819242 19.90369453302752 0
78 2.610523850543131 19.82889722666759 0
79 3.257909476058068 19.73286664034932 0
80 3.90180645047757 19.61570560604465 0
81 4.541525272527513 19.47753958278596 0
82 5.17638091577102 19.31851652210494 0
83 5.805693561108134 19.1388067097849 0
84 6.428789324009014 18.93860258381034 0
85 7.04500097770877 18.71811852788849 0
86 7.653668669271988 18.47759064112538 0
87 8.254140619420308 18.21727648785174 0
88 8.845773828633913 17.93745481869307 0
89 9.427934760621556 17.63842527408453 0
90 10.00000002412536 17.32050806175999 0
91 10.56135703829798 16.98404361480486 0
92 11.11140468724427 16.62939222810882 0
93 11.64955396432881 16.25693367250389 0
94 12.17522860842903 15.86706678414418 0
95 12.68786571226873 15.46020904345849 0
96 13.18691633160907 15.0367961236143 0
97 13.67184607059215 14.59728142573246 0
98 14.14213565418878 14.14213559327312 0
99 14.59728148200723 13.67184601050819 0
100 15.03679617533716 13.18691627263045 0
101 15.46020909035524 12.68786565512487 0
102 15.86706682667414 12.1752285530029 0
103 16.25693371078034 11.64955391091409 0
104 16.62939226354155 11.11140463421544 0
105 16.98404364684987 10.56135698676542 0
106 17.32050809018919 9.999999974884533 0
107 17.63842529998659 9.427934712162207 0
108 17.93745484222576 8.845773780914339 0
109 18.21727650852916 8.254140573784261 0
110 18.47759065886847 7.653668626436383 0
111 18.71811854243581 7.045000939057473 0
112 18.93860259607755 6.428789287870975 0
113 19.13880671966995 5.8056935285215 0
114 19.31851652979165 5.176380887083809 0
115 19.47753958867264 4.541525247280926 0
116 19.61570561036168 3.901806428774401 0
117 19.73286664327413 3.257909458342748 0
118 19.8288972284608 2.610523836922352 0
119 19.9036945340143 1.960342800800259 0
120 19.95717846503493 1.308062580592352 0
121 19.98929174959817 0.6543816542709309 0
122 31.0057505097415 1.09961510897864 0
123 18.84418479323957 8.537941273715086 0
124 37.13577675809272 1.3404145646137 0
125 30.7593329066976 23.15284034986826 0
126 17.55425566231227 10.94574550940552 0
127 36.52160905335867 23.13702448030281 0
128 16.04267258287383 13.12076726251687 0
129 14.14318273003654 15.12402143940575 0
130 19.78778904683401 6.002741310004875 0
131 22.89812933346957 23.18434484791468 0
132 26.9634529568876 0.9189968698644183 0
133 12.16213449149728 16.8028971542467 0
134 48.16117876505731 8.790609794775868 0
135 48.21948677383985 14.26672648968244 0
136 9.738970950876491 18.31011821958456 0
137 17.0002492764995 22.82661505474046 0
138 20.3918248524594 3.364930264885494 0
139 6.55072915536156 19.34390024479195 0
140 42.40017117467541 23.14197611956216 0
141 43.10832288357691 1.553254877933386 0
142 24.3474152602194 0.8063199862925166 0
143 4.679691837241092 20.11725813400277 0
144 22.77532205430071 0.7431472861128842 0
145 11.71015613292744 23.29714677974652 0
146 48.19587789039733 17.83264472431762 0
147 48.25427403507694 3.473932806266591 0
148 20.61944482308518 1.351057686667739 0
149 2.044888534762781 20.60033183205179 0
150 5.957191127951924 23.47251802385598 0
151 34.52386269206003 1.242761227094521 0
152 0.5043349813764884 21.75934470356719 0
153 2.049421756759862 23.05521210187873 0
154 8.379328845995346 18.95064762678475 0
155 1.32700622952283 20.61961891529778 0
156 0.6033381244353029 21.23412604899948 0
157 7.682002813373169 23.4176970820177 0
158 13.47355073687242 23.31927805557658 0
159 22.03717153963013 0.7193382348056977 0
160 46.46473238177541 1.675383259933178 0
161 20.64583774931946 0.6759227331225318 0
162 24.8317052771332 23.11402763207214 0
163 19.11781363080921 23.18129847428388 0
164 28.89837068646167 1.005489590905746 0
165 26.82252351687909 23.11556988269554 0
166 46.22990709907837 23.1752597141905 0
167 48.177992139853 19.61264804916843 0
168 48.15163225935047 21.39898010645417 0
169 39.98915021411906 1.443722996979354 0
170 48.17972983068516 10.64002259728252 0
171 48.21651218066923 1.733696606698439 0
172 48.25945955873949 5.215183728079102 0
173 32.6704639146155 23.14938459010243 0
174 38.48357302463286 23.13271970328973 0
175 26.05569006286936 0.8809671658018813 0
176 33.30137416229552 1.196239364166462 0
177 19.58410328890033 6.64772519670845 0
178 20.49190563440465 2.695712051064871 0
179 20.27215687322736 4.031549626234706 0
180 17.90691585100964 10.37413779864347 0
181 20.13238091613439 4.694088879145598 0
182 16.46877890225757 12.54913840387538 0
183 19.11288105849412 7.914416132380608 0
184 18.55567606008416 9.158554276497858 0
185 15.11224003648441 14.17781728942979 0
186 11.58138440308606 17.21238290675571 0
187 48.11610988680822 23.19606973830744 0
188 16.82788991166227 11.9930725471707 0
189 2.772286531691075 20.53988275738731 0
190 13.17589093228371 15.93426691872204 0
191 10.37605602555418 17.96146528053645 0
192 5.297850136993007 19.76214872738332 0
193 7.141950018761877 19.3480520607656 0
194 4.161713579035998 20.25141473655482 0
195 1.241174785614102 23.45879506597361 0
196 0.6478552567686748 20.59032227797849 0
197 33.30690165788661 2.408435295930908 0
198 19.20605397448886 9.483209171456295 0
199 32.64215775943187 21.31066082682546 0
200 16.68519825068496 13.5990738283682 0
201 20.25868391979237 6.887734900635008 0
202 26.05489040930559 1.772531112602029 0
203 20.81657615408212 4.851326889115767 0
204 19.13680009113794 21.55165810967666 0
205 12.69677735779834 17.39171891842834 0
206 46.03757615313094 8.47330711496963 0
207 10.0656682476354 18.99642096499404 0
208 7.645725727078179 19.97653962240392 0
209 46.37977283543718 17.79173194037766 0
210 22.0187917872534 1.439181795882333 0
211 21.07773096759373 3.475320223128586 0
212 11.98556158108083 21.71923038172243 0
213 4.3884921382801 20.76653719896474 0
214 18.51508973632003 10.78007735276059 0
215 2.968489278508621 21.31863783960631 0
216 4.29087022235694 23.47048999952444 0
217 9.675777256386247 23.02864734506866 0
218 6.180056390624562 22.09691299675871 0
219 15.16703100590621 23.24153422215301 0
220 46.53198798427196 3.353436465027901 0
221 21.0099190564448 23.23957802447048 0
222 24.44351823107089 20.96516575803444 0
223 28.81158762142991 23.14760602313952 0
224 44.76341218082082 1.6135601001617 0
225 21.32792063842948 0.6975729389072841 0
226 48.20538870083992 6.966382138493027 0
227 41.52091194789909 1.498216016826734 0
228 34.58682840019775 23.14505239178512 0
229 40.44868361098196 23.1347093765563 0
230 23.54577088094279 0.7730650685848787 0
231 44.32501541818309 23.15938449156302 0
232 25.18537356978743 0.8444321887100442 0
233 38.53482156945453 1.392449864908013 0
234 48.21555501141981 12.46863994556674 0
235 27.91267771116918 0.9623412274070043 0
236 35.80496786831689 1.292329469842618 0
237 29.93153510647712 1.053312334207359 0
238 32.13178576517853 1.149855911579982 0
239 48.20751323887374 16.04870346517698 0
240 20.56832035816756 2.024272397027629 0
241 19.97194355327415 5.351648431605888 0
242 19.36003100790673 7.286046762397248 0
243 19.77209433794157 8.193147126775985 0
244 1.284019756689989 21.34811495857075 0
245 1.001947011888994 22.28416279915146 0
246 18.24382618393241 9.773956168205427 0
247 15.58411943460733 13.66435060194577 0
248 17.18195468804318 11.47607383838522 0
249 14.63432259119282 14.67012466708279 0
250 12.70695278700405 16.36691596802396 0
251 17.27458179314491 12.22830145752471 0
252 13.64292195084634 15.53343388015376 0
253 46.29195968034626 21.36872576557246 0
254 9.069470527683826 18.64974888682256 0
255 10.98928638015378 17.59997529216989 0
256 3.473716726265411 20.41902559308009 0
257 6.059210087074739 19.81255601800618 0
258 7.691164675747825 19.18595340071001 0
259 14.59371695660264 15.7068837337426 0
260 23.36060759276969 19.79010033284753 0
261 38.57717160373733 2.795157021768342 0
262 41.60049917724884 3.000046387767866 0
263 40.51782935850354 21.26907347740913 0
264 28.90002811778232 2.026903335704286 0
265 46.5502377245253 5.020000738162214 0
266 44.40921003255837 21.33311008605938 0
267 46.44037579526955 12.4079026751295 0
268 23.5332698268244 1.54967927301826 0
269 25.1815707369593 1.696385635109835 0
270 20.65486805096664 5.534481972348834 0
271 17.6634637613352 11.89842609727213 0
272 20.85997156306735 21.57999549372203 0
273 46.47123006153579 6.658244123462323 0
274 7.591485601513819 22.03861325086582 0
275 14.94908919728821 21.67994974569193 0
276 17.33226307215849 21.45183243597555 0
277 3.711492901329066 21.23107585264109 0
278 13.51343349723123 21.74052471212118 0
279 34.55513142790174 21.28959836302331 0
280 28.77412889798713 21.30928655476393 0
281 30.7401980552034 21.3300679782399 0
282 26.67989621477517 21.23581019981573 0
283 46.35996496712284 10.56773344463677 0
284 21.30604366326978 1.394320285919623 0
285 20.95821925653375 4.164912271926104 0
286 35.82064380076638 2.59773254503973 0
287 44.84582572858767 3.22482610360137 0
288 22.76011969348872 1.490586465006827 0
289 29.93237911706006 2.122075562029509 0
290 32.13428249371457 2.314152443281014 0
291 21.17920602551445 2.783633272470134 0
292 26.96661132420545 1.853264011091097 0
293 46.40500380994809 16.00173565104574 0
294 34.54029916320945 2.505207949002612 0
295 19.50075337635063 8.835700357955174 0
296 20.02666830930613 7.550942656161503 0
297 20.46949771146079 6.21526331133084 0
298 17.30409197408828 12.87283998113343 0
299 4.554443422882065 21.94828801334402 0
300 5.500565822377887 20.73972159262219 0
301 46.33889593544976 19.5748962392381 0
302 16.16381709162124 14.1792203221871 0
303 10.75764814104963 18.63439133619656 0
304 18.87985747631679 10.13812572748635 0
305 2.086884249935341 21.3860810052649 0
306 18.10753433205154 11.38068502802046 0
307 12.06530894396025 17.8486069733856 0
308 13.56199455472039 16.27480331560045 0
309 13.42397184968872 16.884975961283 0
310 15.65764985283206 14.72719672962774 0
311 6.831464724076124 20.02707879496151 0
312 9.319362776972733 19.40266505742948 0
313 8.493267351011035 19.75678512592607 0
314 2.076474707378045 22.2736071578513 0
315 9.693124640110987 21.26614471113707 0
316 10.56967596891463 21.54041997405706 0
317 22.57700202922252 21.46631358311798 0
318 32.12074998184183 3.50306048743263 0
319 20.42444305878458 8.500714241771879 0
320 28.82503609420106 19.53838904320938 0
321 18.12537047467526 12.42128293058711 0
322 26.03407268586846 2.680928082610744 0
323 16.23473982920741 15.31482303172246 0
324 21.5366805357561 5.016083576958447 0
325 44.67237881786542 10.50506716030781 0
326 18.06361420364911 20.11693730079957 0
327 14.31699101277704 16.74223681113637 0
328 13.22412599989918 18.02808321923328 0
329 19.16083189992489 11.21247816006702 0
330 44.57674632863401 15.90206781094665 0
331 36.51818008834315 21.27513108017647 0
332 13.63202197495125 20.31836153019561 0
333 22.71303909032235 2.238156494115313 0
334 34.53801901710433 3.786086699617779 0
335 20.97402718705806 7.17329293319128 0
336 28.88231645856692 3.070747882597229 0
337 10.95733456935204 20.35763826856614 0
338 44.89734114342762 4.810332543714885 0
339 42.48426201264674 21.29516585834154 0
340 43.20458021398215 3.106360535500443 0
341 38.5161715453894 21.26629523352769 0
342 19.19289407692441 20.09080744170318 0
343 21.79271560953372 3.592970802954574 0
344 44.86318033414543 7.383779457575414 0
345 40.06470855452672 2.898673552708862 0
346 26.52577934672602 19.25851890980374 0
347 24.86557296815919 19.58063632309132 0
348 37.17243918181575 2.696926703512728 0
349 21.25615227133138 2.089875136563846 0
350 24.34077767773326 1.621126416242895 0
351 46.42524242043892 14.19644216008537 0
352 30.71121409303695 19.5478667631192 0
353 34.47679760764096 19.38227733914255 0
354 27.91614266934799 1.940125963993955 0
355 31.01220377589454 2.219901025939756 0
356 17.34867679340606 14.1539691647503 0
357 15.1384981677692 15.24571826633238 0
358 19.89069533420158 9.808216142713166 0
359 9.789840778063484 20.26231453466052 0
360 44.4809646397666 19.51959072572228 0
361 21.18869624798302 6.445034345829883 0
362 22.23437965021947 19.92912493761791 0
363 6.496823501531405 20.94155914717113 0
364 3.095124525871913 22.23518795866535 0
365 11.42054322993253 18.2733957706502 0
366 8.621384670722881 20.6739594897671 0
367 14.01161273913416 16.07142177792708 0
368 10.3477129034839 19.51748299870328 0
369 28.98351499646632 17.89140240752194 0
370 21.74513793619839 7.47302740876997 0
371 23.71187126988723 18.30719143337926 0
372 19.1805088403009 18.69281013863715 0
373 38.63415450884894 4.218801303475834 0
374 38.53821855050808 19.36684010614903 0
375 44.66596759950768 12.21895713964152 0
376 15.03507171690684 16.38189144034663 0
377 27.89813986797421 2.935527354301481 0
378 30.99367009848767 3.360583644627098 0
379 14.81835970801903 20.31364541079142 0
380 41.70347980505726 4.509666285404912 0
381 18.69122630906494 11.85685485729425 0
382 42.57181333268162 19.42590519058319 0
383 36.48837765709801 19.37047738242913 0
384 43.29562940424127 4.643873404351981 0
385 12.3176215267315 20.16905805404806 0
386 11.19528906247235 19.36732712464329 0
387 44.35266920413162 8.952560809517477 0
388 25.23168695189311 18.09797710786488 0
389 21.89322562163485 2.878175303533216 0
390 32.55005785971666 19.46200575991203 0
391 44.59306167549427 14.03468063781101 0
392 21.676022750384 4.306586770181087 0
393 35.83615757848914 3.926240576171052 0
394 23.49021839195168 2.332449819646203 0
395 25.15261135374122 2.560198814021918 0
396 21.97010534130104 2.160624288227987 0
397 20.70733084551636 20.0483630418781 0
398 21.37666156500788 5.728865389511598 0
399 29.9161307398511 3.217667916311794 0
400 33.30763132531174 3.649018248614087 0
401 26.95029811282777 2.807064417819706 0
402 19.55693363357813 10.51421830628753 0
403 18.0130319675897 13.58057740705644 0
404 44.54368806940936 17.7121495495038 0
405 20.71215873413024 7.879296830254877 0
406 15.67210769018035 15.87436539588606 0
407 20.15891211179381 9.128335684771418 0
408 16.78030279750099 14.73930230732228 0
409 16.22626254042518 20.24513064802322 0
410 13.70782670667478 17.59001308777965 0
411 2.870986743191974 23.34684435197553 0
412 12.5375147779572 18.56372882058918 0
413 44.91275848822998 6.309205388164056 0
414 7.579924105970807 20.90837541630368 0
415 28.84289981738598 4.140846673869448 0
416 34.53411884176646 5.092064423647519 0
417 34.20339302315405 17.15674963040192 0
418 19.8677115042631 11.65842424725524 0
419 23.98079465968666 16.52028482736862 0
420 18.71827795909796 13.00453895455452 0
421 43.14437754506596 10.21450776575353 0
422 25.09719971775435 3.432504386196615 0
423 16.84142098516075 15.92216908078269 0
424 22.54087919128189 3.728764559046072 0
425 42.50035778697054 13.74287324644876 0
426 20.57311837479766 18.62446940230192 0
427 14.57405732855118 17.78233057167223 0
428 30.64063646680697 17.84264537582731 0
429 22.29456173729045 5.198886245480358 0
430 20.60981767880433 10.11315266526194 0
431 30.95627334425499 4.52925478819672 0
432 17.5926336707767 18.89807227051618 0
433 26.42008975155711 17.48985674250777 0
434 21.96617420739979 18.53215714308441 0
435 36.46136709577502 17.46321773408307 0
436 40.57755876845549 19.34840876080486 0
437 41.86066933213168 6.072860369478629 0
438 13.80577582304522 18.95189295091236 0
439 14.73018577948037 19.35693853757703 0
440 40.15252936120265 4.374358743100374 0
441 37.20448926479963 4.070810461924517 0
442 25.99002265717064 3.603913295107293 0
443 22.63915016073599 2.987574881483526 0
444 43.43831025879581 6.147454625460822 0
445 24.30412665503438 2.442450186847179 0
446 21.94925123082995 6.683326048367056 0
447 12.90436332958549 19.18005408761051 0
448 17.96552165623605 14.75200390155663 0
449 26.91111588084116 3.775327067160565 0
450 42.71094338996262 17.57681653232141 0
451 32.09776196019801 4.722970801861651 0
452 11.80820100155163 19.05954563246269 0
453 21.47554420794468 8.444722135215111 0
454 15.58798885893543 17.16728684811428 0
455 43.80772090919174 7.565078236056823 0
456 20.89050531495463 8.783406435199018 0
457 15.96857504036865 21.60720039728864 0
458 8.883881422766901 21.69104059354297 0
459 30.89771869631423 5.724780741776532 0
460 29.01297825928294 16.31612835702139 0
461 21.55929096044591 9.488322786339317 0
462 34.73023016182511 15.29749101749085 0
463 25.92539010118392 4.536728955238686 0
464 19.20318823274536 17.3402921230123 0
465 40.64214988967954 17.10460829800818 0
466 42.18290491932626 7.981182369219481 0
467 37.2265101450274 5.458019319798466 0
468 22.53546303282262 7.693059569757821 0
469 21.73297746218146 17.25043029056629 0
470 38.44361130466049 17.45611490353285 0
471 19.350069590642 12.36690790953778 0
472 40.24450425944571 5.901755599963247 0
473 43.27620951635352 9.110011571103895 0
474 32.30378357592112 17.6886212398609 0
475 25.19853648422017 16.62511780908449 0
476 42.96506319540083 11.80595946709629 0
477 35.85203476774031 5.273938326115298 0
478 22.13708472021521 5.936349900637079 0
479 15.46377547295751 18.82252787724996 0
480 18.65575258048377 14.23458114246479 0
481 20.81158615860488 9.348971855919851 0
482 22.42910006538058 4.469011026004787 0
483 42.80092276914437 15.80659747705143 0
484 33.292558357165 4.9118511849063 0
485 24.23939278741843 3.266675730049295 0
486 23.32770035549938 3.895300372010931 0
487 23.42232323819203 3.118667637550585 0
488 27.86070874564837 3.955086126365805 0
489 20.28279901362733 10.89377855281248 0
490 16.27867363087141 16.54616056348026 0
491 29.87610105990625 4.338419383602488 0
492 17.3896421175629 15.32610473542846 0
493 18.00550434192226 17.34658069745925 0
494 34.53683787622867 6.41720800884303 0
495 24.15501419521503 15.20671397112401 0
496 20.6458429728671 12.11396652181298 0
497 41.35402255100672 11.27106435905099 0
498 19.43198037496665 13.65410238881319 0
499 23.0893032656729 5.425874648940065 0
500 33.05960545266854 15.97079053417535 0
501 25.02217767579111 4.313844586120641 0
502 40.24750556513042 7.477181750492904 0
503 32.05750464469858 5.963861652743526 0
504 27.79031661636321 4.979722689680957 0
505 26.36651361238787 16.53417480275893 0
506 18.40436267990055 15.23137952201727 0
507 30.51349341821892 16.23449064835574 0
508 21.3893883736432 10.4024706857153 0
509 38.69130285062614 5.671588325468969 0
510 16.37697736857064 18.01197628070844 0
511 36.47280010108267 15.65855617737726 0
512 17.3038786012196 16.40653128465496 0
513 24.15610718383119 4.094754260172851 0
514 41.22096885330262 12.57499297667542 0
515 41.6182431705697 9.660380407331621 0
516 22.73038673542201 6.917879309584619 0
517 35.87224136756335 6.629505370332729 0
518 41.55219968799997 15.77450053765874 0
519 22.47210722462911 8.575444655055783 0
520 26.85022538541095 4.753487695329756 0
521 23.22081324152786 4.671672462733033 0
522 29.80099674702756 5.482135808254623 0
523 20.48422170912989 17.29805947326261 0
524 27.58471292576559 16.4107154317337 0
525 22.66426799595285 17.17885967309373 0
526 29.66773349333686 6.658669711655255 0
527 27.13331878322543 14.82780463385103 0
528 22.4665358679251 9.605033930562811 0
529 34.57391118010699 7.760432039179422 0
530 33.15760301834213 14.83579241820829 0
531 25.85059230540545 5.483727560432085 0
532 21.6533439154615 16.05142696517008 0
533 38.68676372663346 7.121888570078183 0
534 39.46264266989464 10.68868782913948 0
535 23.12189532713376 7.785743115724586 0
536 25.3505751748209 15.41174953788122 0
537 38.21919155032892 15.71666692884928 0
538 40.04199564486859 9.034612927164023 0
539 37.25390809732505 6.851195479234637 0
540 20.11034372225815 12.91637375373914 0
541 36.46455706995907 13.98834007494702 0
542 24.05268837931796 4.920803873132058 0
543 28.89563729953585 14.75928457211725 0
544 30.81795030284662 6.947722403090652 0
545 21.070482231493 11.27979412412277 0
546 22.9311786213515 6.179339464594683 0
547 40.95605953713242 14.64604403293426 0
548 19.10264467016309 15.03856119471017 0
549 33.27704564584894 6.195470240170176 0
550 26.77608691021518 5.712791940466518 0
551 28.76514033693261 5.229822101734352 0
552 17.08609616954059 17.27064813881703 0
553 18.06399080777866 16.06207701042574 0
554 22.81809554880874 16.25646522912421 0
555 27.57035394430175 17.93824270095245 0
556 29.50523189683398 7.882929403592526 0
557 27.24693558593513 13.15157404828457 0
558 21.47038495494299 12.56902621018395 0
559 24.312685289396 13.96363804119417 0
560 25.75824943529858 6.498584360875894 0
561 22.96843498476546 15.03843766783449 0
562 38.05141731544329 14.15840678246846 0
563 20.34378471723354 14.58875852824033 0
564 38.45220203895291 9.510568642683966 0
565 32.01240616582849 7.223886565959727 0
566 30.35154825293212 14.72075637588529 0
567 28.59838285999226 6.319520759688655 0
568 19.23655867212531 16.09798464638924 0
569 22.30535479568948 10.7042520695348 0
570 39.8302002893335 13.01463851746949 0
571 34.81343471975005 13.65926694310735 0
572 24.93116671796621 5.207399172706136 0
573 35.93983355735059 7.991793796535946 0
574 23.43048491628443 7.260508234901576 0
575 23.31048915181275 8.427241305873489 0
576 21.77322590185628 14.85712608708107 0
577 26.24025126251369 15.63553324868772 0
578 37.28713386105566 8.197480131381482 0
579 33.27161642207054 7.498204596109809 0
580 27.66208631998447 5.970566012337433 0
581 23.91677692356081 5.739965677613326 0
582 39.1831758235733 14.2502116807821 0
583 31.72954315263871 14.66573703156535 0
584 20.43434628435866 16.03406799169193 0
585 38.60774335671438 8.516747241505252 0
586 39.67907553248883 15.33923270061001 0
587 23.71867178083315 9.595874105824374 0
588 31.96360894129 8.506986621963847 0
589 34.65852954799061 9.136277868093144 0
590 31.3073643189878 12.92450456326686 0
591 28.1372946888653 7.516030105831843 0
592 36.38266437601917 12.38239001706334 0
593 24.00609590386432 7.880762683678531 0
594 23.08683831454372 13.83302744082708 0
595 28.9204088780902 13.06683115390248 0
596 37.76056924525253 10.97343145639558 0
597 24.79265449263686 6.136387759124519 0
598 21.98212097270392 13.73224203065673 0
599 33.17224724885207 13.27623651466083 0
600 37.9643032169499 12.5786969120831 0
601 26.75956955609621 6.684264785563016 0
602 21.93505574769706 11.71123318530057 0
603 25.81193211180537 12.94056593534402 0
604 36.07459204197771 9.3796667876443 0
605 20.98660406117247 13.43256615098404 0
606 23.70074969502106 6.547829414432749 0
607 25.61158860491627 14.23891631539936 0
608 30.71894763447209 8.192352372546702 0
609 37.44845907634432 9.515614978072605 0
610 31.96939365690728 16.1338573787981 0
611 27.25863846267436 11.8207040422207 0
612 29.36276584800541 9.095767526541488 0
613 31.69886513462114 11.23330605788721 0
614 34.74369500015656 10.56762469734421 0
615 23.40790164850124 11.03746417608809 0
616 24.49843027438239 7.073919962100767 0
617 34.79617896697409 12.07595413460714 0
618 22.10174049393585 12.9416283450182 0
619 28.25356549303728 11.95055325119765 0
620 36.23727491394709 10.83267086406117 0
621 25.55168535334868 7.832787410638428 0
622 24.62045489106234 8.683204935469124 0
623 33.28497725873908 8.832115412715936 0
624 30.19445818520283 13.62305329020785 0
625 30.57186812124424 9.444367263966736 0
626 24.45421057100958 12.67871588495252 0
627 27.49177291893425 6.687681715781381 0
628 28.22753659530185 8.936572309683248 0
629 24.89996314951582 10.16063755922904 0
630 27.47381965292939 10.42286957642591 0
631 29.82051371379186 11.88518925312738 0
632 31.87844674458757 9.836731935089336 0
633 26.87775921170912 7.784283619563237 0
634 22.97819690321244 12.44905827098481 0
635 33.22038646179898 11.70360166497714 0
636 29.11971942423121 10.18983057072581 0
637 25.95197650424505 11.61924846869285 0
638 25.95404949832053 9.180596566186997 0
639 26.0482328577254 10.3618129901879 0
640 25.13726669548247 9.319852507326813 0
641 24.65685201159283 11.36400870397484 0
642 27.09056458811466 9.016961239572188 0
643 30.30918606875795 10.70572307403679 0
644 33.27826420830861 10.22825616104273 0
645 28.67745601754208 11.19069425301608 0
646 28.30562984670025 9.824434366972911 0
$EndNodes
$Elements
710
1 15 2 0 1 1
2 15 2 0 2 2
3 15 2 0 3 3
4 15 2 0 4 4
5 15 2 0 5 5
6 15 2 0 6 6
7 1 2 0 1 1 7
8 1 2 0 1 7 8
9 1 2 0 1 8 9
10 1 2 0 1 9 10
11 1 2 0 1 10 11
12 1 2 0 1 11 12
13 1 2 0 1 12 13
14 1 2 0 1 13 14
15 1 2 0 1 14 15
16 1 2 0 1 15 16
17 1 2 0 1 16 17
18 1 2 0 1 17 18
19 1 2 0 1 18 19
20 1 2 0 1 19 20
21 1 2 0 1 20 21
22 1 2 0 1 21 22
23 1 2 0 1 22 23
24 1 2 0 1 23 24
25 1 2 0 1 24 25
26 1 2 0 1 25 26
27 1 2 0 1 26 27
28 1 2 0 1 27 28
29 1 2 0 1 28 29
30 1 2 0 1 29 30
31 1 2 0 1 30 31
32 1 2 0 1 31 2
33 1 2 0 2 2 32
34 1 2 0 2 32 33
35 1 2 0 2 33 34
36 1 2 0 2 34 35
37 1 2 0 2 35 36
38 1 2 0 2 36 37
39 1 2 0 2 37 38
40 1 2 0 2 38 39
41 1 2 0 2 39 40
42 1 2 0 2 40 41
43 1 2 0 2 41 42
44 1 2 0 2 42 43
45 1 2 0 2 43 44
46 1 2 0 2 44 3
47 1 2 0 3 3 45
48 1 2 0 3 45 46
49 1 2 0 3 46 47
50 1 2 0 3 47 48
51 1 2 0 3 48 49
52 1 2 0 3 49 50
53 1 2 0 3 50 51
54 1 2 0 3 51 52
55 1 2 0 3 52 53
56 1 2 0 3 53 54
57 1 2 0 3 54 55
58 1 2 0 3 55 56
59 1 2 0 3 56 57
60 1 2 0 3 57 58
61 1 2 0 3 58 59
62 1 2 0 3 59 60
63 1 2 0 3 60 61
64 1 2 0 3 61 62
65 1 2 0 3 62 63
66 1 2 0 3 63 64
67 1 2 0 3 64 65
68 1 2 0 3 65 66
69 1 2 0 3 66 67
70 1 2 0 3 67 68
71 1 2 0 3 68 69
72 1 2 0 3 69 4
73 1 2 0 4 4 70
74 1 2 0 4 70 71
75 1 2 0 4 71 72
76 1 2 0 4 72 73
77 1 2 0 4 73 74
78 1 2 0 4 74 5
79 1 2 0 5 5 75
80 1 2 0 5 75 76
81 1 2 0 5 76 77
82 1 2 0 5 77 78
83 1 2 0 5 78 79
84 1 2 0 5 79 80
85 1 2 0 5 80 81
86 1 2 0 5 81 82
87 1 2 0 5 82 83
88 1 2 0 5 83 84
89 1 2 0 5 84 85
90 1 2 0 5 85 86
91 1 2 0 5 86 87
92 1 2 0 5 87 88
93 1 2 0 5 88 89
94 1 2 0 5 89 90
95 1 2 0 5 90 91
96 1 2 0 5 91 92
97 1 2 0 5 92 93
98 1 2 0 5 93 94
99 1 2 0 5 94 95
100 1 2 0 5 95 96
101 1 2 0 5 96 97
102 1 2 0 5 97 98
103 1 2 0 5 98 99
104 1 2 0 5 99 100
105 1 2 0 5 100 101
106 1 2 0 5 101 102
107 1 2 0 5 102 103
108 1 2 0 5 103 104
109 1 2 0 5 104 105
110 1 2 0 5 105 106
111 1 2 0 5 106 107
112 1 2 0 5 107 108
113 1 2 0 5 108 109
114 1 2 0 5 109 110
115 1 2 0 5 110 111
116 1 2 0 5 111 112
117 1 2 0 5 112 113
118 1 2 0 5 113 114
119 1 2 0 5 114 115
120 1 2 0 5 115 116
121 1 2 0 5 116 117
122 1 2 0 5 117 118
123 1 2 0 5 118 119
124 1 2 0 5 119 120
125 1 2 0 5 120 121
126 1 2 0 5 121 1
127 3 2 0 1 584 523 464 568
128 3 2 0 1 639 637 641 629
129 3 2 0 1 329 418 471 381
130 3 2 0 1 563 584 568 548
131 3 2 0 1 595 619 645 631
132 3 2 0 1 603 557 527 607
133 3 2 0 1 469 525 371 434
134 3 2 0 1 591 628 642 633
135 3 2 0 1 528 587 615 569
136 3 2 0 1 438 439 379 332
137 3 2 0 1 479 409 379 439
138 3 2 0 1 572 531 560 597
139 3 2 0 1 534 538 515 497
140 3 2 0 1 374 341 331 383
141 3 2 0 1 641 637 603 626
142 3 2 0 1 626 634 615 641
143 3 2 0 1 620 614 589 604
144 3 2 0 1 628 612 636 646
145 3 2 0 1 587 629 641 615
146 3 2 0 1 337 316 315 359
147 3 2 0 1 487 485 513 486
148 3 2 0 1 568 464 493 553
149 3 2 0 1 195 153 411 69
150 3 2 0 1 363 414 274 218
151 3 2 0 1 485 422 501 513
152 3 2 0 1 597 560 621 616
153 3 2 0 1 72 152 245 71
154 3 2 0 1 418 496 540 471
155 3 2 0 1 316 217 458 315
156 3 2 0 1 337 386 452 385
157 3 2 0 1 634 626 559 594
158 3 2 0 1 557 603 637 611
159 3 2 0 1 359 315 458 366
160 3 2 0 1 196 155 244 156
161 3 2 0 1 474 428 507 610
162 3 2 0 1 150 218 274 157
163 3 2 0 1 69 4 70 195
164 3 2 0 1 614 620 592 617
165 3 2 0 1 332 278 212 385
166 3 2 0 1 265 172 226 273
167 3 2 0 1 364 411 153 314
168 3 2 0 1 320 280 282 346
169 3 2 0 1 617 635 644 614
170 3 2 0 1 421 473 387 325
171 3 2 0 1 216 299 218 150
172 3 2 0 1 496 558 605 540
173 3 2 0 1 222 162 131 317
174 3 2 0 1 275 457 137 219
175 3 2 0 1 342 326 432 372
176 3 2 0 1 221 163 204 272
177 3 2 0 1 513 501 572 542
178 3 2 0 1 342 204 276 326
179 3 2 0 1 487 394 445 485
180 3 2 0 1 219 158 278 275
181 3 2 0 1 372 426 397 342
182 3 2 0 1 432 326 276 409
183 3 2 0 1 474 390 352 428
184 3 2 0 1 417 462 511 435
185 3 2 0 1 536 475 419 495
186 3 2 0 1 635 599 590 613
187 3 2 0 1 150 67 68 216
188 3 2 0 1 272 317 131 221
189 3 2 0 1 417 500 530 462
190 3 2 0 1 217 65 66 157
191 3 2 0 1 150 157 66 67
192 3 2 0 1 371 419 475 388
193 3 2 0 1 534 564 585 538
194 3 2 0 1 313 154 254 312
195 3 2 0 1 600 596 534 570
196 3 2 0 1 371 388 346 347
197 3 2 0 1 217 316 212 145
198 3 2 0 1 263 436 382 339
199 3 2 0 1 426 434 362 397
200 3 2 0 1 158 63 64 145
201 3 2 0 1 145 64 65 217
202 3 2 0 1 223 165 282 280
203 3 2 0 1 255 186 307 365
204 3 2 0 1 533 502 538 585
205 3 2 0 1 472 437 466 502
206 3 2 0 1 630 642 628 646
207 3 2 0 1 171 160 30 31
208 3 2 0 1 524 527 543 460
209 3 2 0 1 510 552 493 432
210 3 2 0 1 219 62 63 158
211 3 2 0 1 553 493 552 512
212 3 2 0 1 280 281 125 223
213 3 2 0 1 595 624 566 543
214 3 2 0 1 610 500 417 474
215 3 2 0 1 450 404 360 382
216 3 2 0 1 435 383 353 417
217 3 2 0 1 213 277 256 194
218 3 2 0 1 501 463 531 572
219 3 2 0 1 137 61 62 219
220 3 2 0 1 583 590 599 530
221 3 2 0 1 339 140 229 263
222 3 2 0 1 425 514 497 476
223 3 2 0 1 204 342 397 272
224 3 2 0 1 357 406 376 259
225 3 2 0 1 567 526 556 591
226 3 2 0 1 562 582 586 537
227 3 2 0 1 282 222 347 346
228 3 2 0 1 160 171 147 220
229 3 2 0 1 542 572 597 581
230 3 2 0 1 502 466 515 538
231 3 2 0 1 643 613 590 631
232 3 2 0 1 163 137 276 204
233 3 2 0 1 390 199 281 352
234 3 2 0 1 331 341 174 127
235 3 2 0 1 137 163 60 61
236 3 2 0 1 221 59 60 163
237 3 2 0 1 145 212 278 158
238 3 2 0 1 280 320 352 281
239 3 2 0 1 518 483 450 465
240 3 2 0 1 443 333 394 487
241 3 2 0 1 422 442 463 501
242 3 2 0 1 250 190 308 309
243 3 2 0 1 635 617 571 599
244 3 2 0 1 475 505 433 388
245 3 2 0 1 225 161 7 8
246 3 2 0 1 131 58 59 221
247 3 2 0 1 162 222 282 165
248 3 2 0 1 450 382 436 465
249 3 2 0 1 438 332 385 447
250 3 2 0 1 549 494 529 579
251 3 2 0 1 460 543 566 507
252 3 2 0 1 156 152 72 73
253 3 2 0 1 284 225 159 210
254 3 2 0 1 555 346 388 433
255 3 2 0 1 425 476 375 391
256 3 2 0 1 325 387 206 283
257 3 2 0 1 595 631 590 624
258 3 2 0 1 131 162 57 58
259 3 2 0 1 267 283 170 234
260 3 2 0 1 173 125 281 199
261 3 2 0 1 333 443 389 396
262 3 2 0 1 345 262 380 440
263 3 2 0 1 353 390 474 417
264 3 2 0 1 369 460 507 428
265 3 2 0 1 617 592 541 571
266 3 2 0 1 166 253 168 187
267 3 2 0 1 161 148 120 121
268 3 2 0 1 202 269 232 175
269 3 2 0 1 226 134 206 273
270 3 2 0 1 591 556 612 628
271 3 2 0 1 223 55 56 165
272 3 2 0 1 162 165 56 57
273 3 2 0 1 460 369 555 524
274 3 2 0 1 586 582 570 547
275 3 2 0 1 340 287 338 384
276 3 2 0 1 599 571 462 530
277 3 2 0 1 45 187 44 3
278 3 2 0 1 371 260 362 434
279 3 2 0 1 178 138 117 118
280 3 2 0 1 436 263 341 374
281 3 2 0 1 224 29 30 160
282 3 2 0 1 278 332 379 275
283 3 2 0 1 267 351 391 375
284 3 2 0 1 259 376 327 367
285 3 2 0 1 425 483 518 547
286 3 2 0 1 495 561 594 559
287 3 2 0 1 22 23 236 151
288 3 2 0 1 537 511 541 562
289 3 2 0 1 227 27 28 141
290 3 2 0 1 435 511 537 470
291 3 2 0 1 17 18 237 164
292 3 2 0 1 125 54 55 223
293 3 2 0 1 404 209 301 360
294 3 2 0 1 534 596 609 564
295 3 2 0 1 228 173 199 279
296 3 2 0 1 515 421 476 497
297 3 2 0 1 238 176 197 290
298 3 2 0 1 527 557 595 543
299 3 2 0 1 177 112 113 130
300 3 2 0 1 466 455 387 473
301 3 2 0 1 428 352 320 369
302 3 2 0 1 19 20 238 122
303 3 2 0 1 440 380 437 472
304 3 2 0 1 229 174 341 263
305 3 2 0 1 69 411 216 68
306 3 2 0 1 211 285 179 138
307 3 2 0 1 134 170 283 206
308 3 2 0 1 173 53 54 125
309 3 2 0 1 233 25 26 169
310 3 2 0 1 455 344 206 387
311 3 2 0 1 226 35 36 134
312 3 2 0 1 170 134 36 37
313 3 2 0 1 594 561 576 598
314 3 2 0 1 284 210 396 349
315 3 2 0 1 172 34 35 226
316 3 2 0 1 171 32 33 147
317 3 2 0 1 172 147 33 34
318 3 2 0 1 264 354 235 164
319 3 2 0 1 390 353 279 199
320 3 2 0 1 530 500 610 583
321 3 2 0 1 383 435 470 374
322 3 2 0 1 228 52 53 173
323 3 2 0 1 299 216 411 364
324 3 2 0 1 630 611 637 639
325 3 2 0 1 123 109 110 183
326 3 2 0 1 159 9 10 144
327 3 2 0 1 287 340 141 224
328 3 2 0 1 483 330 404 450
329 3 2 0 1 351 135 239 293
330 3 2 0 1 422 485 445 395
331 3 2 0 1 459 522 491 431
332 3 2 0 1 230 11 12 142
333 3 2 0 1 349 291 178 240
334 3 2 0 1 432 493 464 372
335 3 2 0 1 127 51 52 228
336 3 2 0 1 75 196 74 5
337 3 2 0 1 232 13 14 175
338 3 2 0 1 225 8 9 159
339 3 2 0 1 511 462 571 541
340 3 2 0 1 175 14 15 132
341 3 2 0 1 29 224 141 28
342 3 2 0 1 222 317 362 260
343 3 2 0 1 611 619 595 557
344 3 2 0 1 413 273 206 344
345 3 2 0 1 127 174 50 51
346 3 2 0 1 229 49 50 174
347 3 2 0 1 27 227 169 26
348 3 2 0 1 325 375 476 421
349 3 2 0 1 616 606 581 597
350 3 2 0 1 236 23 24 124
351 3 2 0 1 283 267 375 325
352 3 2 0 1 140 48 49 229
353 3 2 0 1 234 135 351 267
354 3 2 0 1 187 45 46 166
355 3 2 0 1 235 16 17 164
356 3 2 0 1 31 2 32 171
357 3 2 0 1 371 347 222 260
358 3 2 0 1 166 46 47 231
359 3 2 0 1 231 47 48 140
360 3 2 0 1 176 21 22 151
361 3 2 0 1 25 233 124 24
362 3 2 0 1 238 20 21 176
363 3 2 0 1 391 330 483 425
364 3 2 0 1 497 514 570 534
365 3 2 0 1 262 345 169 227
366 3 2 0 1 170 37 38 234
367 3 2 0 1 526 567 551 522
368 3 2 0 1 126 105 106 180
369 3 2 0 1 224 160 220 287
370 3 2 0 1 11 230 144 10
371 3 2 0 1 384 380 262 340
372 3 2 0 1 570 514 425 547
373 3 2 0 1 13 232 142 12
374 3 2 0 1 561 495 419 554
375 3 2 0 1 237 18 19 122
376 3 2 0 1 322 395 269 202
377 3 2 0 1 293 239 146 209
378 3 2 0 1 373 441 348 261
379 3 2 0 1 16 235 132 15
380 3 2 0 1 289 264 164 237
381 3 2 0 1 330 391 351 293
382 3 2 0 1 76 77 149 155
383 3 2 0 1 382 360 266 339
384 3 2 0 1 442 422 395 322
385 3 2 0 1 234 38 39 135
386 3 2 0 1 330 293 209 404
387 3 2 0 1 137 457 409 276
388 3 2 0 1 449 442 322 401
389 3 2 0 1 550 531 463 520
390 3 2 0 1 167 301 209 146
391 3 2 0 1 211 343 392 285
392 3 2 0 1 634 594 598 618
393 3 2 0 1 135 39 40 239
394 3 2 0 1 380 384 444 437
395 3 2 0 1 121 1 7 161
396 3 2 0 1 421 515 466 473
397 3 2 0 1 570 582 562 600
398 3 2 0 1 621 622 593 616
399 3 2 0 1 451 431 378 318
400 3 2 0 1 261 348 124 233
401 3 2 0 1 600 562 541 592
402 3 2 0 1 101 102 182 128
403 3 2 0 1 517 494 416 477
404 3 2 0 1 41 146 239 40
405 3 2 0 1 472 509 373 440
406 3 2 0 1 268 288 144 230
407 3 2 0 1 611 630 645 619
408 3 2 0 1 371 525 554 419
409 3 2 0 1 333 396 210 288
410 3 2 0 1 604 589 529 573
411 3 2 0 1 233 169 345 261
412 3 2 0 1 544 526 522 459
413 3 2 0 1 227 141 340 262
414 3 2 0 1 236 124 348 286
415 3 2 0 1 269 350 142 232
416 3 2 0 1 261 345 440 373
417 3 2 0 1 607 536 495 559
418 3 2 0 1 138 178 291 211
419 3 2 0 1 286 348 441 393
420 3 2 0 1 294 286 393 334
421 3 2 0 1 290 197 400 318
422 3 2 0 1 446 478 546 516
423 3 2 0 1 353 383 331 279
424 3 2 0 1 441 373 509 467
425 3 2 0 1 187 168 43 44
426 3 2 0 1 477 467 539 517
427 3 2 0 1 334 393 477 416
428 3 2 0 1 176 151 294 197
429 3 2 0 1 467 477 393 441
430 3 2 0 1 361 398 478 446
431 3 2 0 1 395 445 350 269
432 3 2 0 1 168 253 301 167
433 3 2 0 1 159 144 288 210
434 3 2 0 1 560 601 633 621
435 3 2 0 1 42 167 146 41
436 3 2 0 1 230 142 350 268
437 3 2 0 1 318 400 484 451
438 3 2 0 1 324 392 482 429
439 3 2 0 1 288 268 394 333
440 3 2 0 1 240 119 120 148
441 3 2 0 1 593 622 587 575
442 3 2 0 1 349 240 148 284
443 3 2 0 1 287 220 265 338
444 3 2 0 1 175 132 292 202
445 3 2 0 1 413 444 384 338
446 3 2 0 1 237 122 355 289
447 3 2 0 1 334 400 197 294
448 3 2 0 1 268 350 445 394
449 3 2 0 1 573 529 494 517
450 3 2 0 1 336 399 491 415
451 3 2 0 1 561 554 532 576
452 3 2 0 1 291 389 343 211
453 3 2 0 1 132 235 354 292
454 3 2 0 1 621 638 640 622
455 3 2 0 1 202 292 401 322
456 3 2 0 1 240 178 118 119
457 3 2 0 1 459 503 565 544
458 3 2 0 1 179 116 117 138
459 3 2 0 1 533 539 467 509
460 3 2 0 1 526 544 608 556
461 3 2 0 1 431 451 503 459
462 3 2 0 1 488 415 551 504
463 3 2 0 1 442 449 520 463
464 3 2 0 1 297 201 177 130
465 3 2 0 1 264 289 399 336
466 3 2 0 1 286 294 151 236
467 3 2 0 1 127 228 279 331
468 3 2 0 1 482 392 343 424
469 3 2 0 1 505 475 536 577
470 3 2 0 1 181 115 116 179
471 3 2 0 1 522 551 415 491
472 3 2 0 1 427 454 510 479
473 3 2 0 1 43 168 167 42
474 3 2 0 1 401 377 488 449
475 3 2 0 1 549 503 451 484
476 3 2 0 1 336 377 354 264
477 3 2 0 1 172 265 220 147
478 3 2 0 1 241 114 115 181
479 3 2 0 1 290 355 122 238
480 3 2 0 1 182 188 251 298
481 3 2 0 1 292 354 377 401
482 3 2 0 1 578 573 517 539
483 3 2 0 1 161 225 284 148
484 3 2 0 1 596 600 592 620
485 3 2 0 1 613 632 644 635
486 3 2 0 1 126 306 271 248
487 3 2 0 1 504 520 449 488
488 3 2 0 1 396 389 291 349
489 3 2 0 1 285 203 181 179
490 3 2 0 1 241 130 113 114
491 3 2 0 1 407 358 198 295
492 3 2 0 1 516 546 606 574
493 3 2 0 1 392 324 203 285
494 3 2 0 1 130 241 270 297
495 3 2 0 1 99 100 247 185
496 3 2 0 1 478 398 324 429
497 3 2 0 1 245 195 70 71
498 3 2 0 1 546 478 429 499
499 3 2 0 1 242 111 112 177
500 3 2 0 1 627 601 550 580
501 3 2 0 1 270 241 181 203
502 3 2 0 1 606 546 499 581
503 3 2 0 1 634 602 569 615
504 3 2 0 1 503 549 579 565
505 3 2 0 1 486 424 443 487
506 3 2 0 1 405 319 243 296
507 3 2 0 1 606 616 593 574
508 3 2 0 1 580 550 520 504
509 3 2 0 1 343 389 443 424
510 3 2 0 1 297 361 335 201
511 3 2 0 1 97 98 249 129
512 3 2 0 1 591 633 601 627
513 3 2 0 1 242 183 110 111
514 3 2 0 1 640 629 587 622
515 3 2 0 1 583 610 507 566
516 3 2 0 1 519 575 587 528
517 3 2 0 1 184 108 109 123
518 3 2 0 1 602 545 508 569
519 3 2 0 1 398 270 203 324
520 3 2 0 1 634 618 558 602
521 3 2 0 1 453 519 528 461
522 3 2 0 1 486 513 542 521
523 3 2 0 1 601 560 531 550
524 3 2 0 1 504 551 567 580
525 3 2 0 1 602 558 496 545
526 3 2 0 1 574 535 468 516
527 3 2 0 1 509 472 502 533
528 3 2 0 1 296 243 183 242
529 3 2 0 1 545 496 418 489
530 3 2 0 1 295 123 183 243
531 3 2 0 1 306 381 321 271
532 3 2 0 1 613 643 625 632
533 3 2 0 1 644 632 588 623
534 3 2 0 1 402 304 198 358
535 3 2 0 1 416 484 400 334
536 3 2 0 1 231 266 253 166
537 3 2 0 1 516 468 370 446
538 3 2 0 1 246 107 108 184
539 3 2 0 1 407 295 243 319
540 3 2 0 1 604 609 596 620
541 3 2 0 1 556 608 625 612
542 3 2 0 1 489 418 329 402
543 3 2 0 1 296 242 177 201
544 3 2 0 1 321 381 471 420
545 3 2 0 1 521 482 424 486
546 3 2 0 1 398 361 297 270
547 3 2 0 1 494 549 484 416
548 3 2 0 1 295 198 184 123
549 3 2 0 1 196 75 76 155
550 3 2 0 1 405 296 201 335
551 3 2 0 1 446 370 335 361
552 3 2 0 1 540 498 420 471
553 3 2 0 1 481 430 358 407
554 3 2 0 1 605 563 498 540
555 3 2 0 1 466 437 444 455
556 3 2 0 1 95 190 250 94
557 3 2 0 1 246 180 106 107
558 3 2 0 1 298 321 420 403
559 3 2 0 1 248 104 105 126
560 3 2 0 1 191 255 365 303
561 3 2 0 1 360 301 253 266
562 3 2 0 1 366 313 312 359
563 3 2 0 1 93 133 186 92
564 3 2 0 1 304 214 180 246
565 3 2 0 1 298 200 128 182
566 3 2 0 1 306 126 180 214
567 3 2 0 1 429 482 521 499
568 3 2 0 1 589 623 579 529
569 3 2 0 1 480 448 356 403
570 3 2 0 1 431 491 399 378
571 3 2 0 1 499 521 542 581
572 3 2 0 1 271 251 188 248
573 3 2 0 1 548 506 448 480
574 3 2 0 1 553 512 423 492
575 3 2 0 1 140 339 266 231
576 3 2 0 1 645 636 643 631
577 3 2 0 1 304 246 184 198
578 3 2 0 1 492 423 323 408
579 3 2 0 1 271 321 298 251
580 3 2 0 1 302 310 185 247
581 3 2 0 1 335 370 453 405
582 3 2 0 1 248 188 103 104
583 3 2 0 1 87 88 254 154
584 3 2 0 1 575 519 468 535
585 3 2 0 1 302 247 128 200
586 3 2 0 1 247 100 101 128
587 3 2 0 1 403 420 498 480
588 3 2 0 1 102 103 188 182
589 3 2 0 1 455 444 413 344
590 3 2 0 1 524 555 433 505
591 3 2 0 1 357 259 129 249
592 3 2 0 1 552 510 454 490
593 3 2 0 1 519 453 370 468
594 3 2 0 1 403 356 200 298
595 3 2 0 1 489 402 358 430
596 3 2 0 1 490 454 376 406
597 3 2 0 1 630 646 636 645
598 3 2 0 1 545 489 430 508
599 3 2 0 1 415 488 377 336
600 3 2 0 1 492 408 356 448
601 3 2 0 1 84 139 257 83
602 3 2 0 1 527 524 505 577
603 3 2 0 1 319 405 453 456
604 3 2 0 1 367 252 129 259
605 3 2 0 1 357 249 185 310
606 3 2 0 1 490 406 323 423
607 3 2 0 1 590 583 566 624
608 3 2 0 1 249 98 99 185
609 3 2 0 1 409 457 275 379
610 3 2 0 1 591 627 580 567
611 3 2 0 1 548 568 553 506
612 3 2 0 1 252 96 97 129
613 3 2 0 1 408 302 200 356
614 3 2 0 1 553 492 448 506
615 3 2 0 1 573 578 609 604
616 3 2 0 1 480 498 563 548
617 3 2 0 1 327 376 454 427
618 3 2 0 1 552 490 423 512
619 3 2 0 1 527 577 536 607
620 3 2 0 1 481 407 319 456
621 3 2 0 1 89 90 191 136
622 3 2 0 1 544 565 588 608
623 3 2 0 1 250 133 93 94
624 3 2 0 1 574 593 575 535
625 3 2 0 1 252 190 95 96
626 3 2 0 1 367 308 190 252
627 3 2 0 1 289 355 378 399
628 3 2 0 1 309 205 133 250
629 3 2 0 1 256 189 78 79
630 3 2 0 1 255 91 92 186
631 3 2 0 1 402 329 214 304
632 3 2 0 1 311 363 300 257
633 3 2 0 1 309 327 427 410
634 3 2 0 1 643 636 612 625
635 3 2 0 1 318 378 355 290
636 3 2 0 1 452 386 303 365
637 3 2 0 1 77 78 189 149
638 3 2 0 1 539 533 585 578
639 3 2 0 1 584 532 469 523
640 3 2 0 1 254 88 89 136
641 3 2 0 1 255 191 90 91
642 3 2 0 1 621 633 642 638
643 3 2 0 1 154 313 208 258
644 3 2 0 1 623 588 565 579
645 3 2 0 1 155 149 305 244
646 3 2 0 1 303 207 136 191
647 3 2 0 1 632 625 608 588
648 3 2 0 1 258 86 87 154
649 3 2 0 1 312 254 136 207
650 3 2 0 1 410 328 205 309
651 3 2 0 1 367 327 309 308
652 3 2 0 1 385 452 412 447
653 3 2 0 1 256 79 80 194
654 3 2 0 1 465 586 547 518
655 3 2 0 1 258 193 85 86
656 3 2 0 1 366 458 274 414
657 3 2 0 1 554 525 469 532
658 3 2 0 1 257 192 82 83
659 3 2 0 1 207 368 359 312
660 3 2 0 1 412 328 438 447
661 3 2 0 1 81 82 192 143
662 3 2 0 1 143 192 257 300
663 3 2 0 1 406 357 310 323
664 3 2 0 1 397 362 317 272
665 3 2 0 1 408 323 310 302
666 3 2 0 1 427 438 328 410
667 3 2 0 1 73 74 196 156
668 3 2 0 1 452 365 307 412
669 3 2 0 1 299 300 363 218
670 3 2 0 1 186 133 205 307
671 3 2 0 1 193 311 257 139
672 3 2 0 1 208 414 363 311
673 3 2 0 1 558 618 598 605
674 3 2 0 1 84 85 193 139
675 3 2 0 1 307 205 328 412
676 3 2 0 1 481 456 453 461
677 3 2 0 1 207 303 386 368
678 3 2 0 1 81 143 194 80
679 3 2 0 1 277 215 189 256
680 3 2 0 1 277 213 300 299
681 3 2 0 1 149 189 215 305
682 3 2 0 1 194 143 300 213
683 3 2 0 1 245 244 305 314
684 3 2 0 1 258 208 311 193
685 3 2 0 1 414 208 313 366
686 3 2 0 1 314 153 195 245
687 3 2 0 1 299 364 215 277
688 3 2 0 1 614 644 623 589
689 3 2 0 1 438 427 479 439
690 3 2 0 1 386 337 359 368
691 3 2 0 1 609 578 585 564
692 3 2 0 1 364 314 305 215
693 3 2 0 1 156 244 245 152
694 3 2 0 1 274 458 217 157
695 3 2 0 1 316 337 385 212
696 3 2 0 1 338 265 273 413
697 3 2 0 1 214 329 381 306
698 3 2 0 1 369 320 346 555
699 3 2 0 1 479 510 432 409
700 3 2 0 1 372 464 523 426
701 3 2 0 1 434 426 523 469
702 3 2 0 1 374 470 465 436
703 3 2 0 1 430 481 461 508
704 3 2 0 1 569 508 461 528
705 3 2 0 1 537 586 465 470
706 3 2 0 1 607 559 626 603
707 3 2 0 1 532 584 563 576
708 3 2 0 1 605 598 576 563
709 3 2 0 1 629 640 638 639
710 3 2 0 1 630 639 638 642
$EndElements
